1002500
3002395
3002207
3002213
3002191
3002149
3002159
3001942
3001945
3002005
3002048
3002052
3002061
3002686
3002081
3003226
3000572
3000574
3000579
3000586
3000604
3000616
3000640
3000650
3001530
1000647
1003307
3000619
3002726
3000133
3000556
3000134
3000131
3000132
3000543
3000129
3000682
3001499
3001501
3000125
3001520
3000124
1002478
3001406
3002879
3000121
3000118
3001416
3002878
3000117
3002784
3001443
3001445
3001462
3001463
3001493
3001519
3001540
3001547
3001557
3001563
3001616
3001619
3000113
3001647
3001622
3001624
3001649
3001654
3001683
3001688
3001712
3001718
3001744
1003107
3001737
3001765
3001782
3001818
3001449
3001460
3002877
3002874
3002781
3000103
3000099
3000097
3001734
3001775
3001897
3001900
3001940
3001955
3002014
1003098
3002386
2001070
2001072
3000093
3001173
